b=[a(241:7921);a(8242:15922);a(16483:24163);a(24724:32404);a(32965:40645)];
