A=[ 0  46  27 
1  48  36 
2  47  38 
3  48  41 
4  46  41 
5  47  42 
6  47  41 
7  48  42 
8  48  42 
9  46  41 
10  48  41 
11  46  42 
12  46  41 
13  47  42 
14  45  41 
15  44  41 
16  43  41 
17  41  40 
18  40  40 
19  38  40 
20  37  40 
21  35  40 
22  34  40 
23  32  40 
24  31  39 
25  30  40 
26  28  38 
27  28  38 
28  26  38 
29  24  37 
30  23  37 
31  21  36 
32  20  35 
33  19  36 
34  17  35 
35  15  36 
36  14  35 
37  14  35 
38  13  35 
39  13  34 
40  13  34 
41  13  34 
42  14  34 
43  13  34 
44  13  35 
45  15  36 
46  16  35 
47  16  36 
48  18  35 
49  20  36 
50  21  36 
51  23  36 
52  24  37 
53  26  38 
54  26  38 
55  28  39 
56  30  40 
57  31  39 
58  33  41 
59  34  40 
60  35  40 
61  37  41 
62  38  40 
63  40  41 
64  41  41 
65  42  41 
66  43  42 
67  45  42 
68  46  42 
69  46  42 
70  47  42 
71  46  42 
72  47  42 
73  47  41 
74  47  42 
75  46  41 
76  48  42 
77  47  42 
78  46  42 
79  46  42 
80  45  42 
81  46  41 
82  43  41 
83  42  41 
84  41  40 
85  40  40 
86  38  41 
87  37  40 
88  36  40 
89  34  40 
90  33  40 
91  31  40 
92  30  39 
93  28  39 
94  27  39 
95  26  38 
96  24  37 
97  23  37 
98  22  36 
99  20  36 
100  18  36 
101  17  35 
102  16  36 
103  14  34 
104  13  35 
105  14  35 
106  13  35 
107  14  34 
108  13  34 
109  13  34 
110  13  35 
111  14  35 
112  14  35 
113  16  35 
114  17  35 
115  20  36 
116  20  36 
117  22  36 
118  23  37 
119  25  37 
120  26  38 
121  27  39 
122  29  40 
123  31  39 
124  32  41 
125  33  40 
126  35  40 
127  36  41 
128  38  41 
129  40  41 
130  42  41 
131  42  41 
132  43  42 
133  45  41 
134  46  42 
135  48  42 
136  47  42 
137  47  42 
138  47  42 
139  47  42 
140  47  42 
141  47  42 
142  46  41 
143  48  42 
144  46  42 
145  46  42 
146  46  42 
147  44  41 
148  43  40 
149  42  41 
150  41  41 
151  39  40 
152  37  40 
153  36  40 
154  34  40 
155  33  40 
156  32  40 
157  30  40 
158  29  39 
159  28  39 
160  26  39 
161  24  38 
162  21  37 
163  21  37 
164  20  36 
165  18  35 
166  16  36 
167  16  35 
168  15  36 
169  13  34 
170  13  34 
171  13  34 
172  14  35 
173  12  35 
174  14  35 
175  14  35 
176  14  35 
177  15  35 
178  16  36 
179  18  35 
180  19  37 
181  21  36 
182  22  36 
183  23  37 
184  25  38 
185  26  39 
186  28  39 
187  30  39 
188  31  40 
189  32  39 
190  34  41 
191  35  41 
192  37  40 
193  38  41 
194  40  40 
195  41  41 
196  42  41 
197  45  42 
198  46  41 
199  47  42 
200  47  42 
201  47  42 
202  47  42 
203  48  42 
204  47  42 
205  48  42 
206  46  42 
207  48  42 
208  48  42 
209  47  42 
210  46  41 
211  46  41 
212  44  42 
213  43  41 
214  42  41 
215  40  40 
216  39  40 
217  38  41 
218  35  40 
219  34  40 
220  33  40 
221  31  40 
222  30  39 
223  28  40 
224  27  38 
225  25  38 
226  25  38 
227  23  37 
228  21  37 
229  20  36 
230  18  36 
231  17  36 
232  16  35 
233  14  35 
234  13  35 
235  13  35 
236  14  35 
237  13  35 
238  13  35 
239  12  34 
240  13  34 
241  14  35 
242  15  36 
243  16  35 
244  18  36 
245  19  35 
246  21  37 
247  22  37 
248  25  38 
249  26  38 
250  27  38 
251  28  39 
252  30  40 
253  31  39 
254  34  40 
255  34  39 
256  35  40
257  37  40 
258  38  40 
259  40  40 
260  41  40 
261  42  40 
262  44  41 
263  44  42 
264  48  42 
265  48  42 
266  48  42 
267  47  42 
268  46  42 
269  48  42 
270  48  42 
271  46  41 
272  46  42 
273  47  41 
274  47  42 
275  46  42 
276  46  41 
277  44  42 
278  43  41 
279  41  40 
280  40  41 
281  40  41 
282  37  41 
283  36  41 
284  35  40 
285  33  40 
286  31  39 
287  30  40 
288  28  38 
289  26  38 
290  25  38 
291  25  37 
292  22  37 
293  21  37 
294  21  36 
295  18  35 
296  18  36 
297  15  34 
298  14  35 
299  15  35 
300  13  35 
301  14  34 
302  13  34 
303  13  34 
304  14  35 
305  13  35 
306  15  35 
307  15  35 
308  17  35 
309  19  36 
310  20  35 
311  22  37 
312  22  37 
313  24  37 
314  26  37 
315  27  38 
316  28  39 
317  30  40 
318  31  39 
319  32  41 
320  34  41 
321  36  40 
322  37  41 
323  38  41 
324  40  41 
325  41  41 
326  43  41 
327  45  42 
328  46  41 
329  47  42 
330  48  41 
331  49  42 
332  48  42 
333  48  42 
334  47  42 
335  46  41 
336  47  41 
337  48  42 
338  47  42 
339  48  42 
340  46  42 
341  46  41 
342  43  41 
343  43  41 
344  41  41 
345  40  40 
346  38  40 
347  37  40 
348  35  40 
349  34  40 
350  32  40 
351  31  40 
352  29  39 
353  28  39 
354  28  39 
355  26  38 
356  24  38 
357  21  37 
358  22  37 
359  19  36 
360  18  36 
361  16  35 
362  14  36 
363  14  34 
364 13  34 
365  13  34 
366  13  35 
367  14  35 
368  14  35 
369  13  35 
370  14  34 
371  14  34 
372  16  35 
373  17  36 
374  18  35 
375  20  37 
376  21  36 
377  23  36 
378  24  37 
379  26  38 
380  27  38 
381  29  39 
382  30  41 
383  32  40 
384  33  40 
385  34  40 
386  36  40 
387  37  40 
388  39  40 
389  40  41 
390  42  41 
391  43  41 
392  44  41 
393  46  42 
394  46  42 
395  48  42 
396  46  42 
397  47  42 
398  48  42 
399  48  42 
400  48  42 
401  46  42 
402  46  42 
403  48  42 
404  47  42 
405  46  41 
406  45  42 
407  44  41 
408  43  41 
409  41  40 
410  39  40 
411  38  41 
412  36  40 
413  35  40 
414  34  40 
415  32  40 
416  31  39 
417  29  40 
418  27  38 
419  26  39 
420  24  38 
421  24  37 
422  23  37 
423  20  37 
424  19  36 
425  17  35 
426  16  36 
427  14  34 
428  14  35 
429  13  35 
430  13  35 
431  14  35 
432  13  34 
433  13  34 
434  13  34 
435  13  35 
436  15  36 
437  16  34 
438  17  36 
439  18  35 
440  19  37 
441  22  37 
442  23  37 
443  24  38 
444  25  38 
445  28  38 
446  28  39 
447  30  40 
448  32  39 
449  33  40 
450  35  40 
451  36  41 
452  37  41 
453  40  41 
454  40  41 
455  42  41 
456  43  41 
457  45  42 
458  46  42 
459  47  42 
460  48  42 
461  48  42 
462  47  42 
463  46  43 
464  47  43 
465  47  42 
466  47  41 
467  47  42 
468  47  42 
469  46  42 
470  47  41 
471  44  41 
472  43  41 
473  44  41 
474  40  40 
475  39  41 
476  38  40 
477  36  40 
478  35  40 
479  33  40 
480  32  40 
481  30  40 
482  29  39 
483  28  39 
484  27  38 
485  24  37 
486  24  37 
487  22  37 
488  20  36 
489  19  35 
490  17  36 
491  16  35 
492  15  36 
493  13  34 
494  14  34 
495  13  34 
496  13  35 
497  13  35 
498  13  35 
499  14  35 
500  13  35 
501  14  35 
502  17  35 
503  17  36 
504  19  36 
505  20  36 
506  22  36 
507  23  37 
508  24  38 
509  26  38 
510  28  39 
511  29  39 
512  30  39 
513  32  40 
514  33  39 
515  35  41 
516  36  41 
517 38  40 
518  39  40 
519  41  41 
520  43  41 
521  43  41 
522  45  41 
523  46  42 
524  48  42 
525  48  42 
526  48  42 
527  48  42 
528  48  42 
529  46  42 
530  48  42 
531  47  42 
532  48  42 
533  47  42 
534  46  41 
535  45  42 
536  45  41 
537  44  42 
538  42  41 
539  40  41 
540  39  41 
541  36  41 
542  36  40 
543  35  40 
544  33  40 
545  32  40
546  30  39 
547  29  40 
548  27  38 
549  25  39 
550  25  38 
551  24  37 
552  21  37 
553  20  37 
554  19  36 
555  17  35 
556  16  35 
557  14  35 
558  14  35 
559  14  35 
560  12  35 
561  14  34 
562  13  34 
563  13  34 
564  13  35 
565  13  35 
566  15  35 
567  16  35 
568  17  35 
569  20  36 
570  20  36 
571  22  37 
572  23  37 
573  25  38 
574  25  38 
575  28  39 
576  30  40 
577  30  38 
578  31  39 
579  34  41 
580  34  41 
581  37  40 
582  38  40 
583  40  40 
584  41  41 
585  42  41 
586  44  42 
587  44  41 
588  46  42 
589  48  42 
590  46  42 
591  47  42 
592  47  42 
593  46  42 
594  46  42 
595  46  41 
596  48  42 
597  47  42 
598  47  42 
599  46  42 
600  46  41 
601  45  41 
602  44  41 
603  41  41 
604  40  40 
605  39  40 
606  37  40 
607  36  40 
608  34  40 
609  33  40 
610  31  40 
611  30  39 
612  28  39 
613  27  39 
614  27  39 
615  24  38 
616  22  36 
617  21  36 
618  20  36 
619  18  36 
620  17  35 
621  16  36 
622  14  34 
